%% pcon_ifix
pcon_ifix = [0.09263
0.05354
0.15907
0
0
0.02652
0.18713
0.05749
0
0
0.02757
0.06036
0.24283
0.00112
0
0.05249
0.02253
0.02279
0.02354
0.0045
0.03723
0.03549
0.04656
0.01985
0.0041
0.0023
0.0164
0.01887
0.02843
0.00608
0
0.00248
0.02445
0.02534
0.01239
0
0
0
0.0282
0.01523
0
0
0
0.02209
0.0282

0.01552
0.00752
0.00313
0.00161
0.00162
0.00566
0.00283
0
0.01825
0.02673
0.01177
0.00447
0.01216
0.01007
0.00672
0
0.0199
0.25242
0.10856
0.01429
0.0429
0.0403
0.01982
0
0.02528
0.07305
0.03289
0.01182
0.01017
0.00814
0.00615
0
0.03508
0.02558
0.0212
0.01126
0.01244
0.01172
0.00771
0
0.24283
0.02792
0.02731
0.01384
0.01409
0.02068
0.01678
0
0.01015
0.27108
0.02483
0.01865
0.01966
0.02269
0
0
0
0.0367
0.19058
0.01417
0.01148
0.00896
0.01049
0
0.00516
0.06083
0.05276
0.07207
0.01464
0.02666
0.0189
0
0.02669
0.05569
0.04304
0.01716
0.07207
0.02512
0.03215
0
0.012
0.05577
0.04895
0.02604
0.02285
0.07207
0.03437
0
0.01128
0.03357
0.05406
0.03109
0.02212
0.03198
0.07207
0
0.02865
0.03087
0.02845
0.02626
0.03999
0.03449
0.03762
0.06514
0
0.10538
0.05033
0.0371
0.04348
0.07874
0.02447
0
0
0.03777
0.03426
0.00944
0.01732
0.03038
0.03983
0
0
0.01306
0.0208
0.00606
0.01059
0.01826
0.02623
0

0.00007
0.00152
0.00175
0.00834
0.00121
0.0151
0.00834
0.03265
0.0344
0.05135
0.02531
0
0.15193
0.19617
0.32257
0.11603
0.04989
0.03963
0.11919
0.12195
0.06862
0.01836
0.01323
0
0.06539
0.06917
0.03868
0.00778
0.00557
0.00954
0.03477
0.03161
0.01466
0.00559
0.00364
0.0032
0.012
0.02515
0.01581
0.0112
0.00632
0.00845
0.19058
0.01695
0.02083
0.01875
0.01068
0.02621
0.06517
0.07207
0.02806
0.02714
0.02555
0.04785
0.06122
0.02694
0.07207
0.04268
0.03144
0.06465
0.05847
0.03243
0.02506
0.07207
0.04815
0.05065
0.11183
0.04361
0.03592
0.03573
0.07207
0.03327
0.0287
0.03114
0.04704
0.064
0.04217
0.10083
0.0842
0.02139
0.04168
0.0791
0.05949
0.06274
0.01194
0.01487
0.01159
0.01603
0.02624
0.02597
0.03389
0.00614
0.0087
0.01269
0.0154
0.01161

0.18713
0.21712
0
0.02222
0.03494
0.01553
0
0.02485
0.02343

0.18713
0.01996
0
0.02222
0.19058
0.01553
0
0.02485
0.02343];

%% icon_ifix
icon_ifix = [0.64
0.44
0.31
0
0
0.71
0.78
0.36
0
0
0.98
0.58
0.95
2.27
2.27
0.52
0.67
0.48
0.28
0.28
0.21
0.26
0.17
0.49
0.49
0.21
0.26
0.17
0.49
0.49
0.21
0.26
0.17
0.49
0.49
0
0
0
0.53
0.53
0
0
0
0.53
0.53

0.31
0.43
0.55
0.55
0.22
0.22
0.22
0.11
0.31
0.43
0.55
0.55
0.22
0.22
0.22
0.11
0.31
0.43
0.55
0.55
0.22
0.22
0.22
0.11
0.36
0.645
0.93
1.01
1.01
1.01
1.01
0.505
0.36
0.645
0.93
1.01
1.01
1.01
1.01
0.505
0.95
0.745
0.54
0.88
0.88
0.88
0.88
1.575
0.715
0.6575
0.6
0.88
0.88
0.88
0.88
1.0775
0.48
0.57
0.66
0.88
0.88
0.88
0.88
0.58
0.17
0.205
0.24
0.71
0.71
0.71
0.71
0.6
0.17
0.205
0.24
0.71
0.71
0.71
0.71
0.6
0.17
0.205
0.24
0.71
0.71
0.71
0.71
0.6
0.17
0.205
0.24
0.71
0.71
0.71
0.71
0.6
0.085
0.1225
0.16
0.505
0.505
0.505
0.505
0.5075
0
0.04
0.08
0.3
0.3
0.3
0.3
0.415
0
0.04
0.08
0.3
0.3
0.3
0.3
0.415
0
0.04
0.08
0.3
0.3
0.3
0.3
0.415

0.55
0.55
0.22
0.22
0.22
0.11
0.55
0.55
0.22
0.22
0.22
0.11
0.55
0.55
0.22
0.22
0.22
0.11
0.93
1.01
1.01
1.01
1.01
0.505
0.93
1.01
1.01
1.01
1.01
0.505
0.54
0.88
0.88
0.88
0.88
1.575
0.6
0.88
0.88
0.88
0.88
1.0775
0.66
0.88
0.88
0.88
0.88
0.58
0.24
0.71
0.71
0.71
0.71
0.6
0.24
0.71
0.71
0.71
0.71
0.6
0.24
0.71
0.71
0.71
0.71
0.6
0.24
0.71
0.71
0.71
0.71
0.6
0.16
0.505
0.505
0.505
0.505
0.5075
0.08
0.3
0.3
0.3
0.3
0.415
0.08
0.3
0.3
0.3
0.3
0.415
0.08
0.3
0.3
0.3
0.3
0.415

0.78
1.01
0
0.3525
0.1225
0.4375
0
0.24786
0.53

0.78
0.11
0
0.3625
1.0775
0.4375
0
0.24786
0.53];

%% pcon_pfix
pcon_pfix = [
    0.092631579
0.054644809
0.009615385
0
0
0.120879121
0.187134503
0.023529412
0
0
0.120192308
0.145348837
0.242829828
0.032258065
0.032258065
0.043062201
0.02247191
0.007272727
0.03164557
0.03164557
0.009615385
0.017964072
0.00729927
0.07
0.07
0.009615385
0.017964072
0.00729927
0.07
0.07
0.009615385
0.017964072
0.00729927
0.07
0.07
0
0
0
0.028195489
0.028195489
0
0
0
0.028195489
0.028195489

0.009615385
0.052201057
0.09478673
0.09478673
0.083333333
0.083333333
0.083333333
0.041666667
0.009615385
0.052201057
0.09478673
0.09478673
0.083333333
0.083333333
0.083333333
0.041666667
0.009615385
0.052201057
0.09478673
0.09478673
0.083333333
0.083333333
0.083333333
0.041666667
0.023529412
0.040500338
0.057471264
0.12195122
0.12195122
0.12195122
0.12195122
0.06097561
0.023529412
0.040500338
0.057471264
0.12195122
0.12195122
0.12195122
0.12195122
0.06097561
0.242829828
0.179385928
0.115942029
0.080882353
0.080882353
0.080882353
0.080882353
0.056570209
0.125051278
0.139155686
0.082502892
0.063238606
0.063238606
0.063238606
0.063238606
0.056196497
0.007272727
0.098925443
0.190578158
0.08
0.08
0.08
0.08
0.055822785
0.00729927
0.012270325
0.017241379
0.072072072
0.072072072
0.072072072
0.072072072
0.071036036
0.00729927
0.012270325
0.017241379
0.072072072
0.072072072
0.072072072
0.072072072
0.071036036
0.00729927
0.012270325
0.017241379
0.072072072
0.072072072
0.072072072
0.072072072
0.071036036
0.00729927
0.012270325
0.017241379
0.072072072
0.072072072
0.072072072
0.072072072
0.071036036
0.085
0.1225
0.01174569
0.046036036
0.046036036
0.046036036
0.046036036
0.04756689
0
0.003125
0.00625
0.02
0.02
0.02
0.02
0.024097744
0
0.003125
0.00625
0.02
0.02
0.02
0.02
0.024097744
0
0.003125
0.00625
0.02
0.02
0.02
0.02
0.024097744

0.09478673
0.09478673
0.083333333
0.083333333
0.083333333
0.041666667
0.09478673
0.09478673
0.083333333
0.083333333
0.083333333
0.041666667
0.09478673
0.09478673
0.083333333
0.083333333
0.083333333
0.041666667
0.057471264
0.12195122
0.12195122
0.12195122
0.12195122
0.06097561
0.057471264
0.12195122
0.12195122
0.12195122
0.12195122
0.06097561
0.115942029
0.080882353
0.080882353
0.080882353
0.080882353
0.056570209
0.082502892
0.063238606
0.063238606
0.063238606
0.063238606
0.056196497
0.190578158
0.08
0.08
0.08
0.08
0.055822785
0.017241379
0.072072072
0.072072072
0.072072072
0.072072072
0.071036036
0.017241379
0.072072072
0.072072072
0.072072072
0.072072072
0.071036036
0.017241379
0.072072072
0.072072072
0.072072072
0.072072072
0.071036036
0.017241379
0.072072072
0.072072072
0.072072072
0.072072072
0.071036036
0.01174569
0.046036036
0.046036036
0.046036036
0.046036036
0.04756689
0.00625
0.02
0.02
0.02
0.02
0.024097744
0.00625
0.02
0.02
0.02
0.02
0.024097744
0.00625
0.02
0.02
0.02
0.02
0.024097744

0.18713
0.21712
0
0.02222
0.03494
0.01553
0
0.02485
0.02343

0.18713
0.01996
0
0.02222
0.19058
0.01553
0
0.02485
0.02343];

%% icon_pfix
